0.007156592563962364
0.027916623185483484
0.04320699312663539
0.05845080435841486
0.07273101480672148
0.08561015638041461
0.099053544676003
0.11035901964099004
0.12319535152620768
0.13330711886037114
0.14568459232753486
0.15483143827226792
0.16685051562690925
0.1751874055313051
0.186919939685997
0.19455965160533048
0.2060592538165575
0.21308793320439848
0.224395951500605
0.23088173395369518
0.24203091491572237
0.24802912803213795
0.25904597582773065
0.26460248131810427
0.27550884197944236
0.28066229020284195
0.29147645288763746
0.296259864016785
0.3069973489567983
0.31143925763895786
0.3221133939225263
0.32623870009741684
0.3368610583755879
0.34069167393908156
0.35127239647982744
0.3548277462505028
0.3653758027792567
0.3686732190623329
0.37919660792560805
0.3822516457982967
0.39275755416661834
0.39558424664955666
0.4060791795751104
0.40869024650833463
0.41918013198487025
0.4215871527561038
0.43207742806602456
0.4342909857638804
0.4447866690754413
0.44681647180217404
0.45732222202685685
0.4591772057695929
0.4696973729929522
0.4713857894710529
0.4819244577528239
0.48345394992263174
0.49401497387582544
0.49539264121931886
0.505979677483817
0.5072121327843068
0.51782866728521
0.518922086262629
0.529571457971976
0.5305316228976752
0.5412170446787946
0.5420493828843372
0.5527739598973853
0.5534835779364126
0.5642503239933933
0.5648420380831126
0.5756538902792593
0.5761322535509807
0.5869920854405205
0.5873614124386378
0.598272045985584
0.5985364347926031
0.6095006512857813
0.6096640035928851
0.6206845536915413
0.6207505930882543
0.6318302061368478
0.6318024948548996
0.6429438875929073
0.6428258419108883
0.6540317266803451
0.6538266311665009
0.6650997237157592
0.6648107444704218
0.6761537714314432
0.6757839684627196
0.6871996745866114
0.6867520134490684
0.6982431686626318
0.6977205314676733
0.709289937820206
0.7086951337271585
0.7203456322817064
0.7196814075538489
0.7314158852912646
0.7306849330155067
0.7425063297991633
0.7417112993461368
0.7536226150079095
0.7527661213168675
0.7647704229194292
0.7638550556784308
0.7759554850178785
0.7749838178268962
0.787183599227082
0.7861581988139597
0.7984606472843693
0.7973840828552156
0.8097926126796676
0.8086674654866255
0.8211855993160571
0.8200144725302209
0.8326458510635638
0.8314313800449153
0.8441797723877856
0.8429246354528085
0.8557939502591981
0.8545008800610864
0.8674951775684719
0.8661669732102553
0.8792904783026363
0.8779300183225872
0.8911871347691995
0.889797391159258
0.9031927172012201
0.9017767706309155
0.9153151161190235
0.913876172584625
0.9275625778910318
0.9261039870196817
0.9399437440070432
0.9384690193007433
0.9524676946639222
0.9509805360201414
0.9651439973791871
0.963648316273716
0.9779827614766685
0.9764827092838387
0.9909946994567467
0.9894946994662533
1.0041911964716437
1.0026959802814772
1.0175843893849412
1.0160990385075024
1.0311872572166962
1.0297172509057138
1.0450137251949525
1.0435649957508462
1.059078785167928
1.0576577823001028
1.0733986358048484
1.0720124020037642
1.0879908469321318
1.0866471063654297
1.1028745535089937
1.101581817643506
1.1180706863496614
1.1168383804511897
1.1336022488129482
1.1324408647881792
1.1494946516187938
1.148415934440493
1.1657761220076408
1.1647932995021235
1.1824782092103006
1.1816062786106172
1.199636416477581
1.1988925064419111
1.2172910020746197
1.216694836753146
1.2354880099603371
1.2350625138571045
1.2542806190748474
1.2540527205006575
1.2737309450457452
1.2737326670674687
1.2939125018194604
1.294182482123143
1.3149136567407786
1.3154993305945
1.3368426381015006
1.337803491068268
1.3598350805959676
1.361247719341124
1.3840659562037516
1.386032476600843
1.4097696320042084
1.4124324877211323
1.4372764231654978
1.4408476095182146
1.467086995289212
1.4719138982126734
1.5000494451520425
1.506792723483177
1.5378448484882155
1.547735600003991
