0.8872603523974592
0.9119880623083269
0.91499647406801
0.9379880218591232
0.9378609570444356
0.959298794235072
0.9575884690442741
0.9779623497009106
0.975212152087719
0.9947764350602442
0.9912626642557865
1.0101706648097493
1.0060599569614175
1.0244132264296024
1.0198166497986692
1.0376869323924967
1.0326836123118759
1.050124026445543
1.0447730901216676
1.0618243908939022
1.0561716451156622
1.0728659904019313
1.0669479406409232
1.0833112844677284
1.0771576950637562
1.093211377233297
1.0868469774626723
1.102608818164654
1.096054481703167
1.1115395583059635
1.1048131439434816
1.1200343564866455
1.1131513230751742
1.1281198150511473
1.1210936813911634
1.1358191588519209
1.1286618542873743
1.1431528319023403
1.1358749681333853
1.1501389617262083
1.1427500466986817
1.1567937258803993
1.1493023343392683
1.16313164492571
1.1555455560355594
1.1691658192605996
1.161492128848189
1.1749081225297422
1.1671533355223538
1.180369361029253
1.1725394682606494
1.1855594061888224
1.1776599487361736
1.1904873055172707
1.182523428999632
1.195161376162607
1.1871378768843919
1.1995892843137663
1.1915106487306704
1.2037781129781053
1.1956485516567052
1.2077344201497409
1.1995578971509688
1.211464288969076
1.2032445474106581
1.2149733711770738
1.2067139555787363
1.2182669249043907
1.2099712008178651
1.2213498476624542
1.2130210189897952
1.2242267052321376
1.215867829574878
1.226901757041025
1.2185157593549325
1.229378978503295
1.2209686632989392
1.2316620807324947
1.223230143014727
1.233754527958909
1.2253035630751345
1.2356595529427017
1.2271920654750932
1.2373801706120269
1.228898582440302
1.2389191901384382
1.2304258477695633
1.2402792256072195
1.231776406866451
1.2414627054454108
1.2329526255959686
1.2424718807107036
1.233956698073144
1.2433088323579984
1.2347906534808188
1.243975477556839
1.2354563619927326
1.244473575150502
1.2359555398688926
1.2448047302915597
1.2362897537743986
1.2449703983197327
1.236460424363144
1.2449718879067226
1.236468829159314
1.2448103635070533
1.2363161047582916
1.244486847111683
1.2360032483586019
1.2440022193313875
1.2355311186290558
1.2433572197989182
1.2349004359066762
1.2425524468778335
1.2341117817083556
1.2415883566592312
1.2331655975331042
1.2404652612138198
1.2320621829159735
1.2391833260564562
1.2308016926889855
1.237742566761971
1.2293841333836364
1.2361428446652685
1.227809358699763
1.2343838615550526
1.2260770639430145
1.232465153248702
1.2241867793171266
1.2303860819229804
1.2221378619243617
1.228145827026777
1.2199294863027863
1.2257433745937065
1.2175606332950386
1.2231775047099056
1.215030076985807
1.2204467768478127
1.212336369408398
1.2175495127226628
1.2094778226331424
1.2144837762344445
1.2064524877847065
1.2112473499801775
1.2032581304136958
1.2078377076801066
1.1998922015176643
1.2042519817155635
1.1963518033375227
1.2004869247794019
1.1926336488332154
1.1965388643754045
1.1887340134424524
1.192403648554766
1.184648677360258
1.1880765808714295
1.1803728560758415
1.1835523418889466
1.1759011162093176
1.1788248938243757
1.1712272728088895
1.173887363794209
1.1663442629814043
1.1687318996246792
1.1612439889991482
1.1633494900749752
1.1559171215352322
1.1577297382890532
1.1503528501102993
1.1518605728958904
1.1445385625760651
1.145727874639881
1.1384594275933981
1.1393149865458239
1.132097841949918
1.132602060161706
1.1254326854527674
1.1255651657752472
1.1184382949930833
1.118175053534089
1.1110830168315649
1.1103953820160608
1.1033271036485504
1.102180103879073
1.0951195518196088
1.0934694569391195
1.0863931384149417
1.084183518567458
1.0770562070208407
1.0742111982946296
1.0669781008477743
1.0633898796689345
1.055960795075514
1.0514633324995317
1.0436756221747607
1.037978653334105
1.029487422535449
1.02194665894369
1.0117153838652295
1.0
